K=128   M=128   N=64   m_c=32   k_c=64   m_r=32   n_r=2 	 24.618664 GFLOPs
K=128   M=128   N=64   m_c=32   k_c=64   m_r=32   n_r=2 	 24.752556 GFLOPs
K=128   M=128   N=64   m_c=32   k_c=64   m_r=32   n_r=2 	 24.584205 GFLOPs
